[gd_scene load_steps=2 format=3 uid="uid://c4pkquf5xm2td"]

[ext_resource type="PackedScene" uid="uid://brkknjpwwj05d" path="res://assets/models/cemetery/grass.glb" id="1_uqepw"]

[node name="Grass" type="Node3D"]
transform = Transform3D(1, 0, 0, 0, 1, 0, 0, 0, 1, -14.0475, 0, 1.31783)

[node name="Node3D2" type="Node3D" parent="."]

[node name="Node3D15" type="Node3D" parent="Node3D2"]
transform = Transform3D(1, 0, 0, 0, 1, 0, 0, 0, 1, 2.40332, 0.500001, 2.35894)

[node name="Node3D11" type="Node3D" parent="Node3D2/Node3D15"]

[node name="Node3D" type="Node3D" parent="Node3D2/Node3D15/Node3D11"]
transform = Transform3D(1, 0, 0, 0, 1, 0, 0, 0, 1, 0.687796, 0, 0)

[node name="grass2" parent="Node3D2/Node3D15/Node3D11/Node3D" instance=ExtResource("1_uqepw")]
transform = Transform3D(0.688355, 0, -0.725374, 0, 1, 0, 0.725374, 0, 0.688355, 0, 0, 2.2388)

[node name="grass3" parent="Node3D2/Node3D15/Node3D11/Node3D" instance=ExtResource("1_uqepw")]
transform = Transform3D(1, 0, 0, 0, 1, 0, 0, 0, 1, 0, 0, 1.93262)

[node name="grass4" parent="Node3D2/Node3D15/Node3D11/Node3D" instance=ExtResource("1_uqepw")]
transform = Transform3D(1, 0, 0, 0, 1, 0, 0, 0, 1, 0, 0, 1.66489)

[node name="grass5" parent="Node3D2/Node3D15/Node3D11/Node3D" instance=ExtResource("1_uqepw")]
transform = Transform3D(0.688355, 0, -0.725374, 0, 1, 0, 0.725374, 0, 0.688355, 0, 0, 1.39851)

[node name="grass6" parent="Node3D2/Node3D15/Node3D11/Node3D" instance=ExtResource("1_uqepw")]
transform = Transform3D(1, 0, 0, 0, 1, 0, 0, 0, 1, 0, 0, 1.21363)

[node name="grass7" parent="Node3D2/Node3D15/Node3D11/Node3D" instance=ExtResource("1_uqepw")]
transform = Transform3D(0.688355, 0, -0.725374, 0, 1, 0, 0.725374, 0, 0.688355, 0, 0, 1.01261)

[node name="grass8" parent="Node3D2/Node3D15/Node3D11/Node3D" instance=ExtResource("1_uqepw")]
transform = Transform3D(1, 0, 0, 0, 1, 0, 0, 0, 1, 0, 0, 0.795029)

[node name="grass9" parent="Node3D2/Node3D15/Node3D11/Node3D" instance=ExtResource("1_uqepw")]
transform = Transform3D(1, 0, 0, 0, 1, 0, 0, 0, 1, 0, 0, 0.564194)

[node name="grass10" parent="Node3D2/Node3D15/Node3D11/Node3D" instance=ExtResource("1_uqepw")]
transform = Transform3D(1, 0, 0, 0, 1, 0, 0, 0, 1, 0, 0, 0.337364)

[node name="grass11" parent="Node3D2/Node3D15/Node3D11/Node3D" instance=ExtResource("1_uqepw")]
transform = Transform3D(0.688355, 0, -0.725374, 0, 1, 0, 0.725374, 0, 0.688355, 0, 0, 0.111217)

[node name="grass12" parent="Node3D2/Node3D15/Node3D11/Node3D" instance=ExtResource("1_uqepw")]

[node name="Node3D2" type="Node3D" parent="Node3D2/Node3D15/Node3D11"]
transform = Transform3D(1, 0, 0, 0, 1, 0, 0, 0, 1, 0.960695, 0, 0)

[node name="grass2" parent="Node3D2/Node3D15/Node3D11/Node3D2" instance=ExtResource("1_uqepw")]
transform = Transform3D(0.688355, 0, -0.725374, 0, 1, 0, 0.725374, 0, 0.688355, 0, 0, 2.2388)

[node name="grass3" parent="Node3D2/Node3D15/Node3D11/Node3D2" instance=ExtResource("1_uqepw")]
transform = Transform3D(1, 0, 0, 0, 1, 0, 0, 0, 1, 0, 0, 1.93262)

[node name="grass4" parent="Node3D2/Node3D15/Node3D11/Node3D2" instance=ExtResource("1_uqepw")]
transform = Transform3D(0.688355, 0, -0.725374, 0, 1, 0, 0.725374, 0, 0.688355, 0, 0, 1.66489)

[node name="grass5" parent="Node3D2/Node3D15/Node3D11/Node3D2" instance=ExtResource("1_uqepw")]
transform = Transform3D(1, 0, 0, 0, 1, 0, 0, 0, 1, 0, 0, 1.39851)

[node name="grass6" parent="Node3D2/Node3D15/Node3D11/Node3D2" instance=ExtResource("1_uqepw")]
transform = Transform3D(1, 0, 0, 0, 1, 0, 0, 0, 1, 0, 0, 1.21363)

[node name="grass7" parent="Node3D2/Node3D15/Node3D11/Node3D2" instance=ExtResource("1_uqepw")]
transform = Transform3D(1, 0, 0, 0, 1, 0, 0, 0, 1, 0, 0, 1.01261)

[node name="grass8" parent="Node3D2/Node3D15/Node3D11/Node3D2" instance=ExtResource("1_uqepw")]
transform = Transform3D(1, 0, 0, 0, 1, 0, 0, 0, 1, 0, 0, 0.795029)

[node name="grass9" parent="Node3D2/Node3D15/Node3D11/Node3D2" instance=ExtResource("1_uqepw")]
transform = Transform3D(0.688355, 0, -0.725374, 0, 1, 0, 0.725374, 0, 0.688355, 0, 0, 0.564194)

[node name="grass10" parent="Node3D2/Node3D15/Node3D11/Node3D2" instance=ExtResource("1_uqepw")]
transform = Transform3D(1, 0, 0, 0, 1, 0, 0, 0, 1, 0, 0, 0.337364)

[node name="grass11" parent="Node3D2/Node3D15/Node3D11/Node3D2" instance=ExtResource("1_uqepw")]
transform = Transform3D(1, 0, 0, 0, 1, 0, 0, 0, 1, 0, 0, 0.111217)

[node name="grass12" parent="Node3D2/Node3D15/Node3D11/Node3D2" instance=ExtResource("1_uqepw")]
transform = Transform3D(0.688355, 0, -0.725374, 0, 1, 0, 0.725374, 0, 0.688355, 0, 0, 0)

[node name="Node3D3" type="Node3D" parent="Node3D2/Node3D15/Node3D11"]
transform = Transform3D(1, 0, 0, 0, 1, 0, 0, 0, 1, 1.22932, 0, 0)

[node name="grass2" parent="Node3D2/Node3D15/Node3D11/Node3D3" instance=ExtResource("1_uqepw")]
transform = Transform3D(1, 0, 0, 0, 1, 0, 0, 0, 1, 0, 0, 2.2388)

[node name="grass3" parent="Node3D2/Node3D15/Node3D11/Node3D3" instance=ExtResource("1_uqepw")]
transform = Transform3D(0.688355, 0, -0.725374, 0, 1, 0, 0.725374, 0, 0.688355, 0, 0, 1.93262)

[node name="grass4" parent="Node3D2/Node3D15/Node3D11/Node3D3" instance=ExtResource("1_uqepw")]
transform = Transform3D(1, 0, 0, 0, 1, 0, 0, 0, 1, 0, 0, 1.66489)

[node name="grass5" parent="Node3D2/Node3D15/Node3D11/Node3D3" instance=ExtResource("1_uqepw")]
transform = Transform3D(1, 0, 0, 0, 1, 0, 0, 0, 1, 0, 0, 1.39851)

[node name="grass6" parent="Node3D2/Node3D15/Node3D11/Node3D3" instance=ExtResource("1_uqepw")]
transform = Transform3D(0.688355, 0, -0.725374, 0, 1, 0, 0.725374, 0, 0.688355, 0, 0, 1.21363)

[node name="grass7" parent="Node3D2/Node3D15/Node3D11/Node3D3" instance=ExtResource("1_uqepw")]
transform = Transform3D(1, 0, 0, 0, 1, 0, 0, 0, 1, 0, 0, 1.01261)

[node name="grass8" parent="Node3D2/Node3D15/Node3D11/Node3D3" instance=ExtResource("1_uqepw")]
transform = Transform3D(1, 0, 0, 0, 1, 0, 0, 0, 1, 0, 0, 0.795029)

[node name="grass9" parent="Node3D2/Node3D15/Node3D11/Node3D3" instance=ExtResource("1_uqepw")]
transform = Transform3D(0.688355, 0, -0.725374, 0, 1, 0, 0.725374, 0, 0.688355, 0, 0, 0.564194)

[node name="grass10" parent="Node3D2/Node3D15/Node3D11/Node3D3" instance=ExtResource("1_uqepw")]
transform = Transform3D(0.688355, 0, -0.725374, 0, 1, 0, 0.725374, 0, 0.688355, 0, 0, 0.337364)

[node name="grass11" parent="Node3D2/Node3D15/Node3D11/Node3D3" instance=ExtResource("1_uqepw")]
transform = Transform3D(1, 0, 0, 0, 1, 0, 0, 0, 1, 0, 0, 0.111217)

[node name="grass12" parent="Node3D2/Node3D15/Node3D11/Node3D3" instance=ExtResource("1_uqepw")]

[node name="Node3D4" type="Node3D" parent="Node3D2/Node3D15/Node3D11"]
transform = Transform3D(1, 0, 0, 0, 1, 0, 0, 0, 1, 1.50678, 0, 0)

[node name="grass2" parent="Node3D2/Node3D15/Node3D11/Node3D4" instance=ExtResource("1_uqepw")]
transform = Transform3D(1, 0, 0, 0, 1, 0, 0, 0, 1, 0, 0, 2.2388)

[node name="grass3" parent="Node3D2/Node3D15/Node3D11/Node3D4" instance=ExtResource("1_uqepw")]
transform = Transform3D(0.688355, 0, -0.725374, 0, 1, 0, 0.725374, 0, 0.688355, 0, 0, 1.93262)

[node name="grass4" parent="Node3D2/Node3D15/Node3D11/Node3D4" instance=ExtResource("1_uqepw")]
transform = Transform3D(1, 0, 0, 0, 1, 0, 0, 0, 1, 0, 0, 1.66489)

[node name="grass5" parent="Node3D2/Node3D15/Node3D11/Node3D4" instance=ExtResource("1_uqepw")]
transform = Transform3D(1, 0, 0, 0, 1, 0, 0, 0, 1, 0, 0, 1.39851)

[node name="grass6" parent="Node3D2/Node3D15/Node3D11/Node3D4" instance=ExtResource("1_uqepw")]
transform = Transform3D(0.688355, 0, -0.725374, 0, 1, 0, 0.725374, 0, 0.688355, 0, 0, 1.21363)

[node name="grass7" parent="Node3D2/Node3D15/Node3D11/Node3D4" instance=ExtResource("1_uqepw")]
transform = Transform3D(1, 0, 0, 0, 1, 0, 0, 0, 1, 0, 0, 1.01261)

[node name="grass8" parent="Node3D2/Node3D15/Node3D11/Node3D4" instance=ExtResource("1_uqepw")]
transform = Transform3D(1, 0, 0, 0, 1, 0, 0, 0, 1, 0, 0, 0.795029)

[node name="grass9" parent="Node3D2/Node3D15/Node3D11/Node3D4" instance=ExtResource("1_uqepw")]
transform = Transform3D(1, 0, 0, 0, 1, 0, 0, 0, 1, 0, 0, 0.564194)

[node name="grass10" parent="Node3D2/Node3D15/Node3D11/Node3D4" instance=ExtResource("1_uqepw")]
transform = Transform3D(0.688355, 0, -0.725374, 0, 1, 0, 0.725374, 0, 0.688355, 0, 0, 0.337364)

[node name="grass11" parent="Node3D2/Node3D15/Node3D11/Node3D4" instance=ExtResource("1_uqepw")]
transform = Transform3D(1, 0, 0, 0, 1, 0, 0, 0, 1, 0, 0, 0.111217)

[node name="grass12" parent="Node3D2/Node3D15/Node3D11/Node3D4" instance=ExtResource("1_uqepw")]

[node name="Node3D5" type="Node3D" parent="Node3D2/Node3D15/Node3D11"]
transform = Transform3D(1, 0, 0, 0, 1, 0, 0, 0, 1, 1.74771, 0, 0)

[node name="grass2" parent="Node3D2/Node3D15/Node3D11/Node3D5" instance=ExtResource("1_uqepw")]
transform = Transform3D(1, 0, 0, 0, 1, 0, 0, 0, 1, 0, 0, 2.2388)

[node name="grass3" parent="Node3D2/Node3D15/Node3D11/Node3D5" instance=ExtResource("1_uqepw")]
transform = Transform3D(0.688355, 0, -0.725374, 0, 1, 0, 0.725374, 0, 0.688355, 0, 0, 1.93262)

[node name="grass4" parent="Node3D2/Node3D15/Node3D11/Node3D5" instance=ExtResource("1_uqepw")]
transform = Transform3D(1, 0, 0, 0, 1, 0, 0, 0, 1, 0, 0, 1.66489)

[node name="grass5" parent="Node3D2/Node3D15/Node3D11/Node3D5" instance=ExtResource("1_uqepw")]
transform = Transform3D(1, 0, 0, 0, 1, 0, 0, 0, 1, 0, 0, 1.39851)

[node name="grass6" parent="Node3D2/Node3D15/Node3D11/Node3D5" instance=ExtResource("1_uqepw")]
transform = Transform3D(0.688355, 0, -0.725374, 0, 1, 0, 0.725374, 0, 0.688355, 0, 0, 1.21363)

[node name="grass7" parent="Node3D2/Node3D15/Node3D11/Node3D5" instance=ExtResource("1_uqepw")]
transform = Transform3D(1, 0, 0, 0, 1, 0, 0, 0, 1, 0, 0, 1.01261)

[node name="grass8" parent="Node3D2/Node3D15/Node3D11/Node3D5" instance=ExtResource("1_uqepw")]
transform = Transform3D(1, 0, 0, 0, 1, 0, 0, 0, 1, 0, 0, 0.795029)

[node name="grass9" parent="Node3D2/Node3D15/Node3D11/Node3D5" instance=ExtResource("1_uqepw")]
transform = Transform3D(0.688355, 0, -0.725374, 0, 1, 0, 0.725374, 0, 0.688355, 0, 0, 0.564194)

[node name="grass10" parent="Node3D2/Node3D15/Node3D11/Node3D5" instance=ExtResource("1_uqepw")]
transform = Transform3D(1, 0, 0, 0, 1, 0, 0, 0, 1, 0, 0, 0.337364)

[node name="grass11" parent="Node3D2/Node3D15/Node3D11/Node3D5" instance=ExtResource("1_uqepw")]
transform = Transform3D(0.688355, 0, -0.725374, 0, 1, 0, 0.725374, 0, 0.688355, 0, 0, 0.111217)

[node name="grass12" parent="Node3D2/Node3D15/Node3D11/Node3D5" instance=ExtResource("1_uqepw")]

[node name="Node3D6" type="Node3D" parent="Node3D2/Node3D15/Node3D11"]
transform = Transform3D(1, 0, 0, 0, 1, 0, 0, 0, 1, 2.01778, 0, 0)

[node name="grass2" parent="Node3D2/Node3D15/Node3D11/Node3D6" instance=ExtResource("1_uqepw")]
transform = Transform3D(1, 0, 0, 0, 1, 0, 0, 0, 1, 0, 0, 2.2388)

[node name="grass3" parent="Node3D2/Node3D15/Node3D11/Node3D6" instance=ExtResource("1_uqepw")]
transform = Transform3D(0.688355, 0, -0.725374, 0, 1, 0, 0.725374, 0, 0.688355, 0, 0, 1.93262)

[node name="grass4" parent="Node3D2/Node3D15/Node3D11/Node3D6" instance=ExtResource("1_uqepw")]
transform = Transform3D(1, 0, 0, 0, 1, 0, 0, 0, 1, 0, 0, 1.66489)

[node name="grass5" parent="Node3D2/Node3D15/Node3D11/Node3D6" instance=ExtResource("1_uqepw")]
transform = Transform3D(1, 0, 0, 0, 1, 0, 0, 0, 1, 0, 0, 1.39851)

[node name="grass6" parent="Node3D2/Node3D15/Node3D11/Node3D6" instance=ExtResource("1_uqepw")]
transform = Transform3D(1, 0, 0, 0, 1, 0, 0, 0, 1, 0, 0, 1.21363)

[node name="grass7" parent="Node3D2/Node3D15/Node3D11/Node3D6" instance=ExtResource("1_uqepw")]
transform = Transform3D(1, 0, 0, 0, 1, 0, 0, 0, 1, 0, 0, 1.01261)

[node name="grass8" parent="Node3D2/Node3D15/Node3D11/Node3D6" instance=ExtResource("1_uqepw")]
transform = Transform3D(1, 0, 0, 0, 1, 0, 0, 0, 1, 0, 0, 0.795029)

[node name="grass9" parent="Node3D2/Node3D15/Node3D11/Node3D6" instance=ExtResource("1_uqepw")]
transform = Transform3D(0.688355, 0, -0.725374, 0, 1, 0, 0.725374, 0, 0.688355, 0, 0, 0.564194)

[node name="grass10" parent="Node3D2/Node3D15/Node3D11/Node3D6" instance=ExtResource("1_uqepw")]
transform = Transform3D(1, 0, 0, 0, 1, 0, 0, 0, 1, 0, 0, 0.337364)

[node name="grass11" parent="Node3D2/Node3D15/Node3D11/Node3D6" instance=ExtResource("1_uqepw")]
transform = Transform3D(1, 0, 0, 0, 1, 0, 0, 0, 1, 0, 0, 0.111217)

[node name="grass12" parent="Node3D2/Node3D15/Node3D11/Node3D6" instance=ExtResource("1_uqepw")]
transform = Transform3D(0.688355, 0, -0.725374, 0, 1, 0, 0.725374, 0, 0.688355, 0, 0, 0)

[node name="Node3D7" type="Node3D" parent="Node3D2/Node3D15/Node3D11"]
transform = Transform3D(1, 0, 0, 0, 1, 0, 0, 0, 1, 0.529302, 0, 0)

[node name="grass2" parent="Node3D2/Node3D15/Node3D11/Node3D7" instance=ExtResource("1_uqepw")]
transform = Transform3D(1, 0, 0, 0, 1, 0, 0, 0, 1, 0, 0, 2.2388)

[node name="grass3" parent="Node3D2/Node3D15/Node3D11/Node3D7" instance=ExtResource("1_uqepw")]
transform = Transform3D(1, 0, 0, 0, 1, 0, 0, 0, 1, 0, 0, 1.93262)

[node name="grass4" parent="Node3D2/Node3D15/Node3D11/Node3D7" instance=ExtResource("1_uqepw")]
transform = Transform3D(0.688355, 0, -0.725374, 0, 1, 0, 0.725374, 0, 0.688355, 0, 0, 1.66489)

[node name="grass5" parent="Node3D2/Node3D15/Node3D11/Node3D7" instance=ExtResource("1_uqepw")]
transform = Transform3D(0.688355, 0, -0.725374, 0, 1, 0, 0.725374, 0, 0.688355, 0, 0, 1.39851)

[node name="grass6" parent="Node3D2/Node3D15/Node3D11/Node3D7" instance=ExtResource("1_uqepw")]
transform = Transform3D(0.688355, 0, -0.725374, 0, 1, 0, 0.725374, 0, 0.688355, 0, 0, 1.21363)

[node name="grass7" parent="Node3D2/Node3D15/Node3D11/Node3D7" instance=ExtResource("1_uqepw")]
transform = Transform3D(1, 0, 0, 0, 1, 0, 0, 0, 1, 0, 0, 1.01261)

[node name="grass8" parent="Node3D2/Node3D15/Node3D11/Node3D7" instance=ExtResource("1_uqepw")]
transform = Transform3D(1, 0, 0, 0, 1, 0, 0, 0, 1, 0, 0, 0.795029)

[node name="grass9" parent="Node3D2/Node3D15/Node3D11/Node3D7" instance=ExtResource("1_uqepw")]
transform = Transform3D(1, 0, 0, 0, 1, 0, 0, 0, 1, 0, 0, 0.564194)

[node name="grass10" parent="Node3D2/Node3D15/Node3D11/Node3D7" instance=ExtResource("1_uqepw")]
transform = Transform3D(1, 0, 0, 0, 1, 0, 0, 0, 1, 0, 0, 0.337364)

[node name="grass11" parent="Node3D2/Node3D15/Node3D11/Node3D7" instance=ExtResource("1_uqepw")]
transform = Transform3D(0.688355, 0, -0.725374, 0, 1, 0, 0.725374, 0, 0.688355, 0, 0, 0.111217)

[node name="grass12" parent="Node3D2/Node3D15/Node3D11/Node3D7" instance=ExtResource("1_uqepw")]

[node name="Node3D8" type="Node3D" parent="Node3D2/Node3D15/Node3D11"]
transform = Transform3D(1, 0, 0, 0, 1, 0, 0, 0, 1, 0.317619, 0, 0)

[node name="grass2" parent="Node3D2/Node3D15/Node3D11/Node3D8" instance=ExtResource("1_uqepw")]
transform = Transform3D(0.688355, 0, -0.725374, 0, 1, 0, 0.725374, 0, 0.688355, 0, 0, 2.2388)

[node name="grass3" parent="Node3D2/Node3D15/Node3D11/Node3D8" instance=ExtResource("1_uqepw")]
transform = Transform3D(1, 0, 0, 0, 1, 0, 0, 0, 1, 0, 0, 1.93262)

[node name="grass4" parent="Node3D2/Node3D15/Node3D11/Node3D8" instance=ExtResource("1_uqepw")]
transform = Transform3D(1, 0, 0, 0, 1, 0, 0, 0, 1, 0, 0, 1.66489)

[node name="grass5" parent="Node3D2/Node3D15/Node3D11/Node3D8" instance=ExtResource("1_uqepw")]
transform = Transform3D(1, 0, 0, 0, 1, 0, 0, 0, 1, 0, 0, 1.39851)

[node name="grass6" parent="Node3D2/Node3D15/Node3D11/Node3D8" instance=ExtResource("1_uqepw")]
transform = Transform3D(0.688355, 0, -0.725374, 0, 1, 0, 0.725374, 0, 0.688355, 0, 0, 1.21363)

[node name="grass7" parent="Node3D2/Node3D15/Node3D11/Node3D8" instance=ExtResource("1_uqepw")]
transform = Transform3D(1, 0, 0, 0, 1, 0, 0, 0, 1, 0, 0, 1.01261)

[node name="grass8" parent="Node3D2/Node3D15/Node3D11/Node3D8" instance=ExtResource("1_uqepw")]
transform = Transform3D(0.688355, 0, -0.725374, 0, 1, 0, 0.725374, 0, 0.688355, 0, 0, 0.795029)

[node name="grass9" parent="Node3D2/Node3D15/Node3D11/Node3D8" instance=ExtResource("1_uqepw")]
transform = Transform3D(1, 0, 0, 0, 1, 0, 0, 0, 1, 0, 0, 0.564194)

[node name="grass10" parent="Node3D2/Node3D15/Node3D11/Node3D8" instance=ExtResource("1_uqepw")]
transform = Transform3D(0.688355, 0, -0.725374, 0, 1, 0, 0.725374, 0, 0.688355, 0, 0, 0.337364)

[node name="grass11" parent="Node3D2/Node3D15/Node3D11/Node3D8" instance=ExtResource("1_uqepw")]
transform = Transform3D(1, 0, 0, 0, 1, 0, 0, 0, 1, 0, 0, 0.111217)

[node name="grass12" parent="Node3D2/Node3D15/Node3D11/Node3D8" instance=ExtResource("1_uqepw")]

[node name="Node3D9" type="Node3D" parent="Node3D2/Node3D15/Node3D11"]
transform = Transform3D(1, 0, 0, 0, 1, 0, 0, 0, 1, 0.153337, 0, 0)

[node name="grass2" parent="Node3D2/Node3D15/Node3D11/Node3D9" instance=ExtResource("1_uqepw")]
transform = Transform3D(1, 0, 0, 0, 1, 0, 0, 0, 1, 0, 0, 2.2388)

[node name="grass3" parent="Node3D2/Node3D15/Node3D11/Node3D9" instance=ExtResource("1_uqepw")]
transform = Transform3D(0.688355, 0, -0.725374, 0, 1, 0, 0.725374, 0, 0.688355, 0, 0, 1.93262)

[node name="grass4" parent="Node3D2/Node3D15/Node3D11/Node3D9" instance=ExtResource("1_uqepw")]
transform = Transform3D(1, 0, 0, 0, 1, 0, 0, 0, 1, 0, 0, 1.66489)

[node name="grass5" parent="Node3D2/Node3D15/Node3D11/Node3D9" instance=ExtResource("1_uqepw")]
transform = Transform3D(1, 0, 0, 0, 1, 0, 0, 0, 1, 0, 0, 1.39851)

[node name="grass6" parent="Node3D2/Node3D15/Node3D11/Node3D9" instance=ExtResource("1_uqepw")]
transform = Transform3D(1, 0, 0, 0, 1, 0, 0, 0, 1, 0, 0, 1.21363)

[node name="grass7" parent="Node3D2/Node3D15/Node3D11/Node3D9" instance=ExtResource("1_uqepw")]
transform = Transform3D(0.688355, 0, -0.725374, 0, 1, 0, 0.725374, 0, 0.688355, 0, 0, 1.01261)

[node name="grass8" parent="Node3D2/Node3D15/Node3D11/Node3D9" instance=ExtResource("1_uqepw")]
transform = Transform3D(1, 0, 0, 0, 1, 0, 0, 0, 1, 0, 0, 0.795029)

[node name="grass9" parent="Node3D2/Node3D15/Node3D11/Node3D9" instance=ExtResource("1_uqepw")]
transform = Transform3D(0.688355, 0, -0.725374, 0, 1, 0, 0.725374, 0, 0.688355, 0, 0, 0.564194)

[node name="grass10" parent="Node3D2/Node3D15/Node3D11/Node3D9" instance=ExtResource("1_uqepw")]
transform = Transform3D(1, 0, 0, 0, 1, 0, 0, 0, 1, 0, 0, 0.337364)

[node name="grass11" parent="Node3D2/Node3D15/Node3D11/Node3D9" instance=ExtResource("1_uqepw")]
transform = Transform3D(1, 0, 0, 0, 1, 0, 0, 0, 1, 0, 0, 0.111217)

[node name="grass12" parent="Node3D2/Node3D15/Node3D11/Node3D9" instance=ExtResource("1_uqepw")]

[node name="Node3D10" type="Node3D" parent="Node3D2/Node3D15/Node3D11"]

[node name="grass2" parent="Node3D2/Node3D15/Node3D11/Node3D10" instance=ExtResource("1_uqepw")]
transform = Transform3D(1, 0, 0, 0, 1, 0, 0, 0, 1, 0, 0, 2.2388)

[node name="grass3" parent="Node3D2/Node3D15/Node3D11/Node3D10" instance=ExtResource("1_uqepw")]
transform = Transform3D(0.688355, 0, -0.725374, 0, 1, 0, 0.725374, 0, 0.688355, 0, 0, 1.93262)

[node name="grass4" parent="Node3D2/Node3D15/Node3D11/Node3D10" instance=ExtResource("1_uqepw")]
transform = Transform3D(1, 0, 0, 0, 1, 0, 0, 0, 1, 0, 0, 1.66489)

[node name="grass5" parent="Node3D2/Node3D15/Node3D11/Node3D10" instance=ExtResource("1_uqepw")]
transform = Transform3D(1, 0, 0, 0, 1, 0, 0, 0, 1, 0, 0, 1.39851)

[node name="grass6" parent="Node3D2/Node3D15/Node3D11/Node3D10" instance=ExtResource("1_uqepw")]
transform = Transform3D(1, 0, 0, 0, 1, 0, 0, 0, 1, 0, 0, 1.21363)

[node name="grass7" parent="Node3D2/Node3D15/Node3D11/Node3D10" instance=ExtResource("1_uqepw")]
transform = Transform3D(1, 0, 0, 0, 1, 0, 0, 0, 1, 0, 0, 1.01261)

[node name="grass8" parent="Node3D2/Node3D15/Node3D11/Node3D10" instance=ExtResource("1_uqepw")]
transform = Transform3D(1, 0, 0, 0, 1, 0, 0, 0, 1, 0, 0, 0.795029)

[node name="grass9" parent="Node3D2/Node3D15/Node3D11/Node3D10" instance=ExtResource("1_uqepw")]
transform = Transform3D(0.688355, 0, -0.725374, 0, 1, 0, 0.725374, 0, 0.688355, 0, 0, 0.564194)

[node name="grass10" parent="Node3D2/Node3D15/Node3D11/Node3D10" instance=ExtResource("1_uqepw")]
transform = Transform3D(1, 0, 0, 0, 1, 0, 0, 0, 1, 0, 0, 0.337364)

[node name="grass11" parent="Node3D2/Node3D15/Node3D11/Node3D10" instance=ExtResource("1_uqepw")]
transform = Transform3D(1, 0, 0, 0, 1, 0, 0, 0, 1, 0, 0, 0.111217)

[node name="grass12" parent="Node3D2/Node3D15/Node3D11/Node3D10" instance=ExtResource("1_uqepw")]

[node name="Node3D12" type="Node3D" parent="Node3D2/Node3D15"]
transform = Transform3D(1, 0, 0, 0, 1, 0, 0, 0, 1, -2.19578, 0, 0)

[node name="Node3D" type="Node3D" parent="Node3D2/Node3D15/Node3D12"]
transform = Transform3D(1, 0, 0, 0, 1, 0, 0, 0, 1, 0.687796, 0, 0)

[node name="grass2" parent="Node3D2/Node3D15/Node3D12/Node3D" instance=ExtResource("1_uqepw")]
transform = Transform3D(0.688355, 0, -0.725374, 0, 1, 0, 0.725374, 0, 0.688355, 0, 0, 2.2388)

[node name="grass3" parent="Node3D2/Node3D15/Node3D12/Node3D" instance=ExtResource("1_uqepw")]
transform = Transform3D(1, 0, 0, 0, 1, 0, 0, 0, 1, 0, 0, 1.93262)

[node name="grass4" parent="Node3D2/Node3D15/Node3D12/Node3D" instance=ExtResource("1_uqepw")]
transform = Transform3D(1, 0, 0, 0, 1, 0, 0, 0, 1, 0, 0, 1.66489)

[node name="grass5" parent="Node3D2/Node3D15/Node3D12/Node3D" instance=ExtResource("1_uqepw")]
transform = Transform3D(0.688355, 0, -0.725374, 0, 1, 0, 0.725374, 0, 0.688355, 0, 0, 1.39851)

[node name="grass6" parent="Node3D2/Node3D15/Node3D12/Node3D" instance=ExtResource("1_uqepw")]
transform = Transform3D(1, 0, 0, 0, 1, 0, 0, 0, 1, 0, 0, 1.21363)

[node name="grass7" parent="Node3D2/Node3D15/Node3D12/Node3D" instance=ExtResource("1_uqepw")]
transform = Transform3D(0.688355, 0, -0.725374, 0, 1, 0, 0.725374, 0, 0.688355, 0, 0, 1.01261)

[node name="grass8" parent="Node3D2/Node3D15/Node3D12/Node3D" instance=ExtResource("1_uqepw")]
transform = Transform3D(1, 0, 0, 0, 1, 0, 0, 0, 1, 0, 0, 0.795029)

[node name="grass9" parent="Node3D2/Node3D15/Node3D12/Node3D" instance=ExtResource("1_uqepw")]
transform = Transform3D(1, 0, 0, 0, 1, 0, 0, 0, 1, 0, 0, 0.564194)

[node name="grass10" parent="Node3D2/Node3D15/Node3D12/Node3D" instance=ExtResource("1_uqepw")]
transform = Transform3D(1, 0, 0, 0, 1, 0, 0, 0, 1, 0, 0, 0.337364)

[node name="grass11" parent="Node3D2/Node3D15/Node3D12/Node3D" instance=ExtResource("1_uqepw")]
transform = Transform3D(0.688355, 0, -0.725374, 0, 1, 0, 0.725374, 0, 0.688355, 0, 0, 0.111217)

[node name="grass12" parent="Node3D2/Node3D15/Node3D12/Node3D" instance=ExtResource("1_uqepw")]

[node name="Node3D2" type="Node3D" parent="Node3D2/Node3D15/Node3D12"]
transform = Transform3D(1, 0, 0, 0, 1, 0, 0, 0, 1, 0.960695, 0, 0)

[node name="grass2" parent="Node3D2/Node3D15/Node3D12/Node3D2" instance=ExtResource("1_uqepw")]
transform = Transform3D(0.688355, 0, -0.725374, 0, 1, 0, 0.725374, 0, 0.688355, 0, 0, 2.2388)

[node name="grass3" parent="Node3D2/Node3D15/Node3D12/Node3D2" instance=ExtResource("1_uqepw")]
transform = Transform3D(1, 0, 0, 0, 1, 0, 0, 0, 1, 0, 0, 1.93262)

[node name="grass4" parent="Node3D2/Node3D15/Node3D12/Node3D2" instance=ExtResource("1_uqepw")]
transform = Transform3D(0.688355, 0, -0.725374, 0, 1, 0, 0.725374, 0, 0.688355, 0, 0, 1.66489)

[node name="grass5" parent="Node3D2/Node3D15/Node3D12/Node3D2" instance=ExtResource("1_uqepw")]
transform = Transform3D(1, 0, 0, 0, 1, 0, 0, 0, 1, 0, 0, 1.39851)

[node name="grass6" parent="Node3D2/Node3D15/Node3D12/Node3D2" instance=ExtResource("1_uqepw")]
transform = Transform3D(1, 0, 0, 0, 1, 0, 0, 0, 1, 0, 0, 1.21363)

[node name="grass7" parent="Node3D2/Node3D15/Node3D12/Node3D2" instance=ExtResource("1_uqepw")]
transform = Transform3D(1, 0, 0, 0, 1, 0, 0, 0, 1, 0, 0, 1.01261)

[node name="grass8" parent="Node3D2/Node3D15/Node3D12/Node3D2" instance=ExtResource("1_uqepw")]
transform = Transform3D(1, 0, 0, 0, 1, 0, 0, 0, 1, 0, 0, 0.795029)

[node name="grass9" parent="Node3D2/Node3D15/Node3D12/Node3D2" instance=ExtResource("1_uqepw")]
transform = Transform3D(0.688355, 0, -0.725374, 0, 1, 0, 0.725374, 0, 0.688355, 0, 0, 0.564194)

[node name="grass10" parent="Node3D2/Node3D15/Node3D12/Node3D2" instance=ExtResource("1_uqepw")]
transform = Transform3D(1, 0, 0, 0, 1, 0, 0, 0, 1, 0, 0, 0.337364)

[node name="grass11" parent="Node3D2/Node3D15/Node3D12/Node3D2" instance=ExtResource("1_uqepw")]
transform = Transform3D(1, 0, 0, 0, 1, 0, 0, 0, 1, 0, 0, 0.111217)

[node name="grass12" parent="Node3D2/Node3D15/Node3D12/Node3D2" instance=ExtResource("1_uqepw")]
transform = Transform3D(0.688355, 0, -0.725374, 0, 1, 0, 0.725374, 0, 0.688355, 0, 0, 0)

[node name="Node3D3" type="Node3D" parent="Node3D2/Node3D15/Node3D12"]
transform = Transform3D(1, 0, 0, 0, 1, 0, 0, 0, 1, 1.22932, 0, 0)

[node name="grass2" parent="Node3D2/Node3D15/Node3D12/Node3D3" instance=ExtResource("1_uqepw")]
transform = Transform3D(1, 0, 0, 0, 1, 0, 0, 0, 1, 0, 0, 2.2388)

[node name="grass3" parent="Node3D2/Node3D15/Node3D12/Node3D3" instance=ExtResource("1_uqepw")]
transform = Transform3D(0.688355, 0, -0.725374, 0, 1, 0, 0.725374, 0, 0.688355, 0, 0, 1.93262)

[node name="grass4" parent="Node3D2/Node3D15/Node3D12/Node3D3" instance=ExtResource("1_uqepw")]
transform = Transform3D(1, 0, 0, 0, 1, 0, 0, 0, 1, 0, 0, 1.66489)

[node name="grass5" parent="Node3D2/Node3D15/Node3D12/Node3D3" instance=ExtResource("1_uqepw")]
transform = Transform3D(1, 0, 0, 0, 1, 0, 0, 0, 1, 0, 0, 1.39851)

[node name="grass6" parent="Node3D2/Node3D15/Node3D12/Node3D3" instance=ExtResource("1_uqepw")]
transform = Transform3D(0.688355, 0, -0.725374, 0, 1, 0, 0.725374, 0, 0.688355, 0, 0, 1.21363)

[node name="grass7" parent="Node3D2/Node3D15/Node3D12/Node3D3" instance=ExtResource("1_uqepw")]
transform = Transform3D(1, 0, 0, 0, 1, 0, 0, 0, 1, 0, 0, 1.01261)

[node name="grass8" parent="Node3D2/Node3D15/Node3D12/Node3D3" instance=ExtResource("1_uqepw")]
transform = Transform3D(1, 0, 0, 0, 1, 0, 0, 0, 1, 0, 0, 0.795029)

[node name="grass9" parent="Node3D2/Node3D15/Node3D12/Node3D3" instance=ExtResource("1_uqepw")]
transform = Transform3D(0.688355, 0, -0.725374, 0, 1, 0, 0.725374, 0, 0.688355, 0, 0, 0.564194)

[node name="grass10" parent="Node3D2/Node3D15/Node3D12/Node3D3" instance=ExtResource("1_uqepw")]
transform = Transform3D(0.688355, 0, -0.725374, 0, 1, 0, 0.725374, 0, 0.688355, 0, 0, 0.337364)

[node name="grass11" parent="Node3D2/Node3D15/Node3D12/Node3D3" instance=ExtResource("1_uqepw")]
transform = Transform3D(1, 0, 0, 0, 1, 0, 0, 0, 1, 0, 0, 0.111217)

[node name="grass12" parent="Node3D2/Node3D15/Node3D12/Node3D3" instance=ExtResource("1_uqepw")]

[node name="Node3D4" type="Node3D" parent="Node3D2/Node3D15/Node3D12"]
transform = Transform3D(1, 0, 0, 0, 1, 0, 0, 0, 1, 1.50678, 0, 0)

[node name="grass2" parent="Node3D2/Node3D15/Node3D12/Node3D4" instance=ExtResource("1_uqepw")]
transform = Transform3D(1, 0, 0, 0, 1, 0, 0, 0, 1, 0, 0, 2.2388)

[node name="grass3" parent="Node3D2/Node3D15/Node3D12/Node3D4" instance=ExtResource("1_uqepw")]
transform = Transform3D(0.688355, 0, -0.725374, 0, 1, 0, 0.725374, 0, 0.688355, 0, 0, 1.93262)

[node name="grass4" parent="Node3D2/Node3D15/Node3D12/Node3D4" instance=ExtResource("1_uqepw")]
transform = Transform3D(1, 0, 0, 0, 1, 0, 0, 0, 1, 0, 0, 1.66489)

[node name="grass5" parent="Node3D2/Node3D15/Node3D12/Node3D4" instance=ExtResource("1_uqepw")]
transform = Transform3D(1, 0, 0, 0, 1, 0, 0, 0, 1, 0, 0, 1.39851)

[node name="grass6" parent="Node3D2/Node3D15/Node3D12/Node3D4" instance=ExtResource("1_uqepw")]
transform = Transform3D(0.688355, 0, -0.725374, 0, 1, 0, 0.725374, 0, 0.688355, 0, 0, 1.21363)

[node name="grass7" parent="Node3D2/Node3D15/Node3D12/Node3D4" instance=ExtResource("1_uqepw")]
transform = Transform3D(1, 0, 0, 0, 1, 0, 0, 0, 1, 0, 0, 1.01261)

[node name="grass8" parent="Node3D2/Node3D15/Node3D12/Node3D4" instance=ExtResource("1_uqepw")]
transform = Transform3D(1, 0, 0, 0, 1, 0, 0, 0, 1, 0, 0, 0.795029)

[node name="grass9" parent="Node3D2/Node3D15/Node3D12/Node3D4" instance=ExtResource("1_uqepw")]
transform = Transform3D(1, 0, 0, 0, 1, 0, 0, 0, 1, 0, 0, 0.564194)

[node name="grass10" parent="Node3D2/Node3D15/Node3D12/Node3D4" instance=ExtResource("1_uqepw")]
transform = Transform3D(0.688355, 0, -0.725374, 0, 1, 0, 0.725374, 0, 0.688355, 0, 0, 0.337364)

[node name="grass11" parent="Node3D2/Node3D15/Node3D12/Node3D4" instance=ExtResource("1_uqepw")]
transform = Transform3D(1, 0, 0, 0, 1, 0, 0, 0, 1, 0, 0, 0.111217)

[node name="grass12" parent="Node3D2/Node3D15/Node3D12/Node3D4" instance=ExtResource("1_uqepw")]

[node name="Node3D5" type="Node3D" parent="Node3D2/Node3D15/Node3D12"]
transform = Transform3D(1, 0, 0, 0, 1, 0, 0, 0, 1, 1.74771, 0, 0)

[node name="grass2" parent="Node3D2/Node3D15/Node3D12/Node3D5" instance=ExtResource("1_uqepw")]
transform = Transform3D(1, 0, 0, 0, 1, 0, 0, 0, 1, 0, 0, 2.2388)

[node name="grass3" parent="Node3D2/Node3D15/Node3D12/Node3D5" instance=ExtResource("1_uqepw")]
transform = Transform3D(0.688355, 0, -0.725374, 0, 1, 0, 0.725374, 0, 0.688355, 0, 0, 1.93262)

[node name="grass4" parent="Node3D2/Node3D15/Node3D12/Node3D5" instance=ExtResource("1_uqepw")]
transform = Transform3D(1, 0, 0, 0, 1, 0, 0, 0, 1, 0, 0, 1.66489)

[node name="grass5" parent="Node3D2/Node3D15/Node3D12/Node3D5" instance=ExtResource("1_uqepw")]
transform = Transform3D(1, 0, 0, 0, 1, 0, 0, 0, 1, 0, 0, 1.39851)

[node name="grass6" parent="Node3D2/Node3D15/Node3D12/Node3D5" instance=ExtResource("1_uqepw")]
transform = Transform3D(0.688355, 0, -0.725374, 0, 1, 0, 0.725374, 0, 0.688355, 0, 0, 1.21363)

[node name="grass7" parent="Node3D2/Node3D15/Node3D12/Node3D5" instance=ExtResource("1_uqepw")]
transform = Transform3D(1, 0, 0, 0, 1, 0, 0, 0, 1, 0, 0, 1.01261)

[node name="grass8" parent="Node3D2/Node3D15/Node3D12/Node3D5" instance=ExtResource("1_uqepw")]
transform = Transform3D(1, 0, 0, 0, 1, 0, 0, 0, 1, 0, 0, 0.795029)

[node name="grass9" parent="Node3D2/Node3D15/Node3D12/Node3D5" instance=ExtResource("1_uqepw")]
transform = Transform3D(0.688355, 0, -0.725374, 0, 1, 0, 0.725374, 0, 0.688355, 0, 0, 0.564194)

[node name="grass10" parent="Node3D2/Node3D15/Node3D12/Node3D5" instance=ExtResource("1_uqepw")]
transform = Transform3D(1, 0, 0, 0, 1, 0, 0, 0, 1, 0, 0, 0.337364)

[node name="grass11" parent="Node3D2/Node3D15/Node3D12/Node3D5" instance=ExtResource("1_uqepw")]
transform = Transform3D(0.688355, 0, -0.725374, 0, 1, 0, 0.725374, 0, 0.688355, 0, 0, 0.111217)

[node name="grass12" parent="Node3D2/Node3D15/Node3D12/Node3D5" instance=ExtResource("1_uqepw")]

[node name="Node3D6" type="Node3D" parent="Node3D2/Node3D15/Node3D12"]
transform = Transform3D(1, 0, 0, 0, 1, 0, 0, 0, 1, 2.01778, 0, 0)

[node name="grass2" parent="Node3D2/Node3D15/Node3D12/Node3D6" instance=ExtResource("1_uqepw")]
transform = Transform3D(1, 0, 0, 0, 1, 0, 0, 0, 1, 0, 0, 2.2388)

[node name="grass3" parent="Node3D2/Node3D15/Node3D12/Node3D6" instance=ExtResource("1_uqepw")]
transform = Transform3D(0.688355, 0, -0.725374, 0, 1, 0, 0.725374, 0, 0.688355, 0, 0, 1.93262)

[node name="grass4" parent="Node3D2/Node3D15/Node3D12/Node3D6" instance=ExtResource("1_uqepw")]
transform = Transform3D(1, 0, 0, 0, 1, 0, 0, 0, 1, 0, 0, 1.66489)

[node name="grass5" parent="Node3D2/Node3D15/Node3D12/Node3D6" instance=ExtResource("1_uqepw")]
transform = Transform3D(1, 0, 0, 0, 1, 0, 0, 0, 1, 0, 0, 1.39851)

[node name="grass6" parent="Node3D2/Node3D15/Node3D12/Node3D6" instance=ExtResource("1_uqepw")]
transform = Transform3D(1, 0, 0, 0, 1, 0, 0, 0, 1, 0, 0, 1.21363)

[node name="grass7" parent="Node3D2/Node3D15/Node3D12/Node3D6" instance=ExtResource("1_uqepw")]
transform = Transform3D(1, 0, 0, 0, 1, 0, 0, 0, 1, 0, 0, 1.01261)

[node name="grass8" parent="Node3D2/Node3D15/Node3D12/Node3D6" instance=ExtResource("1_uqepw")]
transform = Transform3D(1, 0, 0, 0, 1, 0, 0, 0, 1, 0, 0, 0.795029)

[node name="grass9" parent="Node3D2/Node3D15/Node3D12/Node3D6" instance=ExtResource("1_uqepw")]
transform = Transform3D(0.688355, 0, -0.725374, 0, 1, 0, 0.725374, 0, 0.688355, 0, 0, 0.564194)

[node name="grass10" parent="Node3D2/Node3D15/Node3D12/Node3D6" instance=ExtResource("1_uqepw")]
transform = Transform3D(1, 0, 0, 0, 1, 0, 0, 0, 1, 0, 0, 0.337364)

[node name="grass11" parent="Node3D2/Node3D15/Node3D12/Node3D6" instance=ExtResource("1_uqepw")]
transform = Transform3D(1, 0, 0, 0, 1, 0, 0, 0, 1, 0, 0, 0.111217)

[node name="grass12" parent="Node3D2/Node3D15/Node3D12/Node3D6" instance=ExtResource("1_uqepw")]
transform = Transform3D(0.688355, 0, -0.725374, 0, 1, 0, 0.725374, 0, 0.688355, 0, 0, 0)

[node name="Node3D7" type="Node3D" parent="Node3D2/Node3D15/Node3D12"]
transform = Transform3D(1, 0, 0, 0, 1, 0, 0, 0, 1, 0.529302, 0, 0)

[node name="grass2" parent="Node3D2/Node3D15/Node3D12/Node3D7" instance=ExtResource("1_uqepw")]
transform = Transform3D(1, 0, 0, 0, 1, 0, 0, 0, 1, 0, 0, 2.2388)

[node name="grass3" parent="Node3D2/Node3D15/Node3D12/Node3D7" instance=ExtResource("1_uqepw")]
transform = Transform3D(1, 0, 0, 0, 1, 0, 0, 0, 1, 0, 0, 1.93262)

[node name="grass4" parent="Node3D2/Node3D15/Node3D12/Node3D7" instance=ExtResource("1_uqepw")]
transform = Transform3D(0.688355, 0, -0.725374, 0, 1, 0, 0.725374, 0, 0.688355, 0, 0, 1.66489)

[node name="grass5" parent="Node3D2/Node3D15/Node3D12/Node3D7" instance=ExtResource("1_uqepw")]
transform = Transform3D(0.688355, 0, -0.725374, 0, 1, 0, 0.725374, 0, 0.688355, 0, 0, 1.39851)

[node name="grass6" parent="Node3D2/Node3D15/Node3D12/Node3D7" instance=ExtResource("1_uqepw")]
transform = Transform3D(0.688355, 0, -0.725374, 0, 1, 0, 0.725374, 0, 0.688355, 0, 0, 1.21363)

[node name="grass7" parent="Node3D2/Node3D15/Node3D12/Node3D7" instance=ExtResource("1_uqepw")]
transform = Transform3D(1, 0, 0, 0, 1, 0, 0, 0, 1, 0, 0, 1.01261)

[node name="grass8" parent="Node3D2/Node3D15/Node3D12/Node3D7" instance=ExtResource("1_uqepw")]
transform = Transform3D(1, 0, 0, 0, 1, 0, 0, 0, 1, 0, 0, 0.795029)

[node name="grass9" parent="Node3D2/Node3D15/Node3D12/Node3D7" instance=ExtResource("1_uqepw")]
transform = Transform3D(1, 0, 0, 0, 1, 0, 0, 0, 1, 0, 0, 0.564194)

[node name="grass10" parent="Node3D2/Node3D15/Node3D12/Node3D7" instance=ExtResource("1_uqepw")]
transform = Transform3D(1, 0, 0, 0, 1, 0, 0, 0, 1, 0, 0, 0.337364)

[node name="grass11" parent="Node3D2/Node3D15/Node3D12/Node3D7" instance=ExtResource("1_uqepw")]
transform = Transform3D(0.688355, 0, -0.725374, 0, 1, 0, 0.725374, 0, 0.688355, 0, 0, 0.111217)

[node name="grass12" parent="Node3D2/Node3D15/Node3D12/Node3D7" instance=ExtResource("1_uqepw")]

[node name="Node3D8" type="Node3D" parent="Node3D2/Node3D15/Node3D12"]
transform = Transform3D(1, 0, 0, 0, 1, 0, 0, 0, 1, 0.317619, 0, 0)

[node name="grass2" parent="Node3D2/Node3D15/Node3D12/Node3D8" instance=ExtResource("1_uqepw")]
transform = Transform3D(0.688355, 0, -0.725374, 0, 1, 0, 0.725374, 0, 0.688355, 0, 0, 2.2388)

[node name="grass3" parent="Node3D2/Node3D15/Node3D12/Node3D8" instance=ExtResource("1_uqepw")]
transform = Transform3D(1, 0, 0, 0, 1, 0, 0, 0, 1, 0, 0, 1.93262)

[node name="grass4" parent="Node3D2/Node3D15/Node3D12/Node3D8" instance=ExtResource("1_uqepw")]
transform = Transform3D(1, 0, 0, 0, 1, 0, 0, 0, 1, 0, 0, 1.66489)

[node name="grass5" parent="Node3D2/Node3D15/Node3D12/Node3D8" instance=ExtResource("1_uqepw")]
transform = Transform3D(1, 0, 0, 0, 1, 0, 0, 0, 1, 0, 0, 1.39851)

[node name="grass6" parent="Node3D2/Node3D15/Node3D12/Node3D8" instance=ExtResource("1_uqepw")]
transform = Transform3D(0.688355, 0, -0.725374, 0, 1, 0, 0.725374, 0, 0.688355, 0, 0, 1.21363)

[node name="grass7" parent="Node3D2/Node3D15/Node3D12/Node3D8" instance=ExtResource("1_uqepw")]
transform = Transform3D(1, 0, 0, 0, 1, 0, 0, 0, 1, 0, 0, 1.01261)

[node name="grass8" parent="Node3D2/Node3D15/Node3D12/Node3D8" instance=ExtResource("1_uqepw")]
transform = Transform3D(0.688355, 0, -0.725374, 0, 1, 0, 0.725374, 0, 0.688355, 0, 0, 0.795029)

[node name="grass9" parent="Node3D2/Node3D15/Node3D12/Node3D8" instance=ExtResource("1_uqepw")]
transform = Transform3D(1, 0, 0, 0, 1, 0, 0, 0, 1, 0, 0, 0.564194)

[node name="grass10" parent="Node3D2/Node3D15/Node3D12/Node3D8" instance=ExtResource("1_uqepw")]
transform = Transform3D(0.688355, 0, -0.725374, 0, 1, 0, 0.725374, 0, 0.688355, 0, 0, 0.337364)

[node name="grass11" parent="Node3D2/Node3D15/Node3D12/Node3D8" instance=ExtResource("1_uqepw")]
transform = Transform3D(1, 0, 0, 0, 1, 0, 0, 0, 1, 0, 0, 0.111217)

[node name="grass12" parent="Node3D2/Node3D15/Node3D12/Node3D8" instance=ExtResource("1_uqepw")]

[node name="Node3D9" type="Node3D" parent="Node3D2/Node3D15/Node3D12"]
transform = Transform3D(1, 0, 0, 0, 1, 0, 0, 0, 1, 0.153337, 0, 0)

[node name="grass2" parent="Node3D2/Node3D15/Node3D12/Node3D9" instance=ExtResource("1_uqepw")]
transform = Transform3D(1, 0, 0, 0, 1, 0, 0, 0, 1, 0, 0, 2.2388)

[node name="grass3" parent="Node3D2/Node3D15/Node3D12/Node3D9" instance=ExtResource("1_uqepw")]
transform = Transform3D(0.688355, 0, -0.725374, 0, 1, 0, 0.725374, 0, 0.688355, 0, 0, 1.93262)

[node name="grass4" parent="Node3D2/Node3D15/Node3D12/Node3D9" instance=ExtResource("1_uqepw")]
transform = Transform3D(1, 0, 0, 0, 1, 0, 0, 0, 1, 0, 0, 1.66489)

[node name="grass5" parent="Node3D2/Node3D15/Node3D12/Node3D9" instance=ExtResource("1_uqepw")]
transform = Transform3D(1, 0, 0, 0, 1, 0, 0, 0, 1, 0, 0, 1.39851)

[node name="grass6" parent="Node3D2/Node3D15/Node3D12/Node3D9" instance=ExtResource("1_uqepw")]
transform = Transform3D(1, 0, 0, 0, 1, 0, 0, 0, 1, 0, 0, 1.21363)

[node name="grass7" parent="Node3D2/Node3D15/Node3D12/Node3D9" instance=ExtResource("1_uqepw")]
transform = Transform3D(0.688355, 0, -0.725374, 0, 1, 0, 0.725374, 0, 0.688355, 0, 0, 1.01261)

[node name="grass8" parent="Node3D2/Node3D15/Node3D12/Node3D9" instance=ExtResource("1_uqepw")]
transform = Transform3D(1, 0, 0, 0, 1, 0, 0, 0, 1, 0, 0, 0.795029)

[node name="grass9" parent="Node3D2/Node3D15/Node3D12/Node3D9" instance=ExtResource("1_uqepw")]
transform = Transform3D(0.688355, 0, -0.725374, 0, 1, 0, 0.725374, 0, 0.688355, 0, 0, 0.564194)

[node name="grass10" parent="Node3D2/Node3D15/Node3D12/Node3D9" instance=ExtResource("1_uqepw")]
transform = Transform3D(1, 0, 0, 0, 1, 0, 0, 0, 1, 0, 0, 0.337364)

[node name="grass11" parent="Node3D2/Node3D15/Node3D12/Node3D9" instance=ExtResource("1_uqepw")]
transform = Transform3D(1, 0, 0, 0, 1, 0, 0, 0, 1, 0, 0, 0.111217)

[node name="grass12" parent="Node3D2/Node3D15/Node3D12/Node3D9" instance=ExtResource("1_uqepw")]

[node name="Node3D10" type="Node3D" parent="Node3D2/Node3D15/Node3D12"]

[node name="grass2" parent="Node3D2/Node3D15/Node3D12/Node3D10" instance=ExtResource("1_uqepw")]
transform = Transform3D(1, 0, 0, 0, 1, 0, 0, 0, 1, 0, 0, 2.2388)

[node name="grass3" parent="Node3D2/Node3D15/Node3D12/Node3D10" instance=ExtResource("1_uqepw")]
transform = Transform3D(0.688355, 0, -0.725374, 0, 1, 0, 0.725374, 0, 0.688355, 0, 0, 1.93262)

[node name="grass4" parent="Node3D2/Node3D15/Node3D12/Node3D10" instance=ExtResource("1_uqepw")]
transform = Transform3D(1, 0, 0, 0, 1, 0, 0, 0, 1, 0, 0, 1.66489)

[node name="grass5" parent="Node3D2/Node3D15/Node3D12/Node3D10" instance=ExtResource("1_uqepw")]
transform = Transform3D(1, 0, 0, 0, 1, 0, 0, 0, 1, 0, 0, 1.39851)

[node name="grass6" parent="Node3D2/Node3D15/Node3D12/Node3D10" instance=ExtResource("1_uqepw")]
transform = Transform3D(1, 0, 0, 0, 1, 0, 0, 0, 1, 0, 0, 1.21363)

[node name="grass7" parent="Node3D2/Node3D15/Node3D12/Node3D10" instance=ExtResource("1_uqepw")]
transform = Transform3D(1, 0, 0, 0, 1, 0, 0, 0, 1, 0, 0, 1.01261)

[node name="grass8" parent="Node3D2/Node3D15/Node3D12/Node3D10" instance=ExtResource("1_uqepw")]
transform = Transform3D(1, 0, 0, 0, 1, 0, 0, 0, 1, 0, 0, 0.795029)

[node name="grass9" parent="Node3D2/Node3D15/Node3D12/Node3D10" instance=ExtResource("1_uqepw")]
transform = Transform3D(0.688355, 0, -0.725374, 0, 1, 0, 0.725374, 0, 0.688355, 0, 0, 0.564194)

[node name="grass10" parent="Node3D2/Node3D15/Node3D12/Node3D10" instance=ExtResource("1_uqepw")]
transform = Transform3D(1, 0, 0, 0, 1, 0, 0, 0, 1, 0, 0, 0.337364)

